
    model = "Linear"
    epochs = 10
    sigma = 0.03
    mae = 0.03156663477420807
    val_mae =  0.0380701944231987
    loss = 0.0015708979917690158
    val_loss = 0.0015708979917690158
    