
    model = "Linear"
    epochs = 80
    sigma = 0.03
    mae = 0.043291959911584854
    val_mae =  0.10085688531398773
    loss = 0.0029918134678155184
    val_loss = 0.0029918134678155184
    