
    model = "Linear"
    epochs = 10
    sigma = 0.03
    mae = 0.34345123171806335
    val_mae =  0.5232356190681458
    loss = 0.24411556124687195
    val_loss = 0.24411556124687195
    